PositionX,PositionY,PositionZ,RotationX,RotationY,RotationZ,RotationW
0.05650228,0.9809963,0.364148,0.1996807,-0.01159156,-0.005454309,-0.9797773
0.05608197,0.9795858,0.3653526,0.198234,-0.0279614,-0.01512826,-0.979639
0.05606773,0.9788046,0.3658184,0.1987054,-0.03844843,-0.01603223,-0.9791735
0.05580866,0.9784238,0.3650851,0.1991675,-0.03171387,-0.002931406,-0.9794478
0.0557353,0.9779289,0.3638278,0.1986909,-0.02074658,0.01132288,-0.9797772
0.05623949,0.9773971,0.3636544,0.1930599,-0.02075089,0.02085617,-0.9807458
0.05627796,0.9762861,0.3642004,0.1858928,-0.02661244,0.01271274,-0.9821274
0.05574817,0.9748947,0.3644003,0.1833157,-0.02808782,0.001877216,-0.982651
0.0561984,0.9729053,0.3637904,0.1835536,-0.02299437,0.00714897,-0.9827148
0.05698643,0.9710298,0.3636241,0.1794649,-0.01372244,0.01879548,-0.9834891
0.05802808,0.9691868,0.3629884,0.1788381,-0.00693535,0.03027714,-0.9833881
0.05809271,0.9675803,0.362655,0.176044,-0.008071738,0.02945246,-0.9839085
0.05778001,0.965384,0.362129,0.1720715,-0.009368483,0.02255173,-0.9847817
0.05757258,0.9630512,0.361637,0.168524,-0.00895848,0.01874854,-0.9854785
0.05725836,0.9606283,0.3606724,0.1668433,-0.00823536,0.01578418,-0.9858227
0.05690603,0.9581689,0.3597929,0.1630409,-0.00431774,0.01568707,-0.9864852
0.0571886,0.95565,0.35891,0.1577774,0.004608314,0.02620777,-0.9871161
0.05752043,0.9531338,0.3580253,0.1522966,0.01074565,0.03703109,-0.9875824
0.05735372,0.9504822,0.3568781,0.1486706,0.01599906,0.04296032,-0.9878237
0.05662042,0.9477131,0.3555885,0.1468458,0.0213548,0.04305157,-0.9879913
0.05574657,0.9447806,0.3542844,0.1453332,0.02485515,0.04009105,-0.9882577
0.05508413,0.9419435,0.3532278,0.1429036,0.02793827,0.0390524,-0.9885712
0.05436367,0.9389421,0.3525183,0.1399977,0.02627138,0.03551691,-0.9891658
0.05359706,0.9358767,0.3519303,0.1369418,0.02383111,0.03070655,-0.9898162
0.05257102,0.9327789,0.3512492,0.133735,0.02326913,0.02510755,-0.9904258
0.05148682,0.9298496,0.3504673,0.1300828,0.02381437,0.02091316,-0.9909965
0.05092664,0.9271848,0.3495942,0.1264942,0.02571247,0.02292603,-0.991369
0.05044023,0.9246505,0.3487667,0.1221242,0.02655811,0.02515917,-0.9918404
0.04992301,0.922078,0.3478891,0.1178529,0.02779546,0.02597388,-0.9923021
0.0495087,0.9197284,0.3468839,0.1150738,0.02945844,0.02658125,-0.9925642
0.04896502,0.9174826,0.3459992,0.1120046,0.03061373,0.02602275,-0.9928951
0.04843353,0.915368,0.3451398,0.109102,0.03096561,0.02473125,-0.9932403
0.04804576,0.9137243,0.3440482,0.107406,0.0310641,0.02328327,-0.993457
0.04775286,0.9123363,0.3425682,0.1073103,0.03257274,0.02212893,-0.9934455
0.04759206,0.9114667,0.3409844,0.1092324,0.03411436,0.02036665,-0.9932219
0.04823065,0.9117058,0.3399276,0.110644,0.03008718,0.0174111,-0.993252
0.0493149,0.9119551,0.3390506,0.1110096,0.02664374,0.01774227,-0.9933037
0.05117168,0.9130324,0.3382315,0.1122564,0.0231787,0.02058462,-0.9931956
0.05368446,0.914918,0.3373646,0.117138,0.01485246,0.02322566,-0.9927329
0.05783227,0.9183809,0.3361821,0.1337045,-0.007580631,0.02512582,-0.9906737
0.06383385,0.9227485,0.3352281,0.1495509,-0.03349198,0.03749,-0.9874752
0.07019101,0.9270074,0.3343202,0.1569499,-0.05417684,0.05534167,-0.9845653
0.07640117,0.930568,0.3335165,0.1581083,-0.06300319,0.07924992,-0.9822178
0.08242244,0.933656,0.3329802,0.1573419,-0.07017253,0.1015422,-0.9798002
0.08719458,0.9362172,0.3325554,0.1577597,-0.07923657,0.1104748,-0.978074
0.08998466,0.9382701,0.3320475,0.158181,-0.08299255,0.1095499,-0.9777985
0.08866692,0.9394751,0.3313066,0.1545256,-0.06592278,0.09249127,-0.9814385
0.08678963,0.9403955,0.3299597,0.1515866,-0.04209171,0.0787776,-0.9844003
0.08317772,0.9406475,0.327915,0.154175,-0.007776652,0.05959179,-0.9862142
0.07830792,0.9391214,0.3257096,0.1553493,0.02403066,0.02451494,-0.987263
0.07463083,0.9365087,0.3254732,0.1435781,0.04068095,-0.01311035,-0.9887156
0.0708059,0.9327167,0.3274033,0.1155681,0.04508556,-0.0602906,-0.9904425
0.06805758,0.9254457,0.3311686,0.0641896,0.06005526,-0.08840181,-0.9921987
0.06625724,0.9205521,0.3319752,0.03944768,0.07538084,-0.112798,-0.9899688
0.06603116,0.9155336,0.3315361,0.02662317,0.08839986,-0.1337976,-0.986699
0.06682456,0.9121891,0.3306806,0.03101465,0.08575363,-0.1605159,-0.9828118
0.07115583,0.9134634,0.3301339,0.07067981,0.05086299,-0.1881855,-0.9782656
0.07658556,0.913367,0.3323472,0.07360902,0.02368907,-0.1935201,-0.9780442
0.08330569,0.9124824,0.3359828,0.05114802,0.001634227,-0.1876963,-0.9808931
0.08712154,0.9112115,0.337789,0.04110175,-0.01581361,-0.1997887,-0.9788489
0.08796647,0.9110113,0.33747,0.05351555,-0.03272643,-0.2387936,-0.9690421
0.08875894,0.9104905,0.3371227,0.06475956,-0.04984176,-0.2823205,-0.9558333
0.09041912,0.9091938,0.3377805,0.06951478,-0.07227105,-0.3255383,-0.9401965
0.09188309,0.9069383,0.3387283,0.0748022,-0.09721287,-0.3837556,-0.9152519
0.09256515,0.9034663,0.3396998,0.07969362,-0.1180328,-0.4531671,-0.8799754
0.0934165,0.900006,0.3403858,0.07933428,-0.1251858,-0.5081026,-0.8484494
0.09452706,0.8966744,0.3406987,0.08053138,-0.1270598,-0.5577677,-0.816251
0.09604476,0.8928312,0.3414643,0.08126664,-0.1290378,-0.6165237,-0.772427
0.09828417,0.8897206,0.3424222,0.08149022,-0.1330703,-0.6683646,-0.7272829
0.1017424,0.8881727,0.3434274,0.07975611,-0.1328542,-0.7058451,-0.6912102
0.1042279,0.8876976,0.344372,0.08597645,-0.1313085,-0.7432024,-0.650397
0.1085738,0.8892097,0.345369,0.0874617,-0.1311988,-0.7675213,-0.621328
0.1127314,0.8923233,0.3463255,0.09422269,-0.1365729,-0.7882754,-0.5925301
0.1163297,0.8983313,0.3477348,0.1012315,-0.1422284,-0.7998126,-0.5743023
0.1201098,0.9060455,0.3491372,0.1053449,-0.1536387,-0.7977439,-0.5735
0.1237357,0.9151503,0.350212,0.1200234,-0.1733157,-0.7920693,-0.5728719
0.1274204,0.9254045,0.3517244,0.1394983,-0.1980218,-0.7878806,-0.5661905
0.1306435,0.9361379,0.3531654,0.1634503,-0.2214137,-0.7867504,-0.5525249
0.1322629,0.9498595,0.3539497,0.1983164,-0.2474739,-0.7762412,-0.544864
0.1338386,0.9636707,0.3539837,0.2193494,-0.273582,-0.7562805,-0.5523391
0.1353322,0.976298,0.3527239,0.2319929,-0.2915761,-0.7390321,-0.5612434
0.1365037,0.9857816,0.3509656,0.2446948,-0.2975141,-0.7344481,-0.5587448
0.136409,0.9917699,0.3495575,0.2594307,-0.2873079,-0.7490314,-0.5376819
0.1366448,1.000206,0.3489842,0.2763056,-0.2870974,-0.752327,-0.524628
0.1380855,1.010736,0.3479985,0.2891914,-0.2975831,-0.7465873,-0.5200193
0.1403783,1.021378,0.3473223,0.2939028,-0.3113657,-0.7405021,-0.5180051
0.1419235,1.030455,0.3467895,0.3026913,-0.3196888,-0.7400466,-0.508437
0.1416629,1.036356,0.346377,0.3166555,-0.3112842,-0.7468858,-0.4949678
0.1404388,1.038851,0.3467561,0.3274337,-0.2878436,-0.7610186,-0.4803997
0.1400257,1.039805,0.347006,0.3259008,-0.2573662,-0.7712905,-0.4823507
0.1408758,1.040576,0.3469958,0.3212864,-0.222003,-0.7789242,-0.49068
0.1439776,1.038014,0.3477629,0.2963342,-0.1715231,-0.7982177,-0.4955952
0.1512419,1.033184,0.3496079,0.2483239,-0.1243801,-0.834295,-0.4762529
0.1612531,1.029174,0.3520548,0.1922818,-0.09600029,-0.8700133,-0.4437212
0.1760327,1.0266,0.3537408,0.1301878,-0.08793099,-0.908569,-0.387068
0.1897292,1.028097,0.3526677,0.0706107,-0.08552331,-0.9224898,-0.3697466
0.2036866,1.031155,0.349218,0.004913615,-0.08857349,-0.9231227,-0.3741324
0.2169648,1.033863,0.3452667,-0.05572752,-0.0908756,-0.9244166,-0.3661831
0.2295822,1.037289,0.3392883,-0.09257913,-0.09199063,-0.9329967,-0.3353864
0.2397104,1.041993,0.3341209,-0.1092937,-0.08703902,-0.9453512,-0.2946016
0.2461768,1.052171,0.330292,-0.1119584,-0.1072573,-0.9489191,-0.2747977
0.2520299,1.062956,0.3279413,-0.1227373,-0.1417125,-0.9432831,-0.2739894
0.2558569,1.073611,0.3258535,-0.1202445,-0.1694622,-0.9406738,-0.2682474
0.2587346,1.082683,0.3232986,-0.1103168,-0.1834417,-0.9424782,-0.2567374
0.2606302,1.091151,0.3206013,-0.09821521,-0.1977762,-0.9411612,-0.2558399
0.2638387,1.098983,0.3175687,-0.09751811,-0.2122445,-0.9387209,-0.2534671
0.2655962,1.106548,0.3141128,-0.08977693,-0.2265651,-0.9361638,-0.2533883
0.2683391,1.114202,0.3112723,-0.08386781,-0.2433622,-0.9335299,-0.2495256
0.2709883,1.121637,0.3080114,-0.07992236,-0.2635949,-0.9278202,-0.2515548
0.2734824,1.128134,0.304338,-0.0739127,-0.2761463,-0.9251059,-0.2499185
0.2752374,1.133877,0.3003179,-0.06512694,-0.2864035,-0.9220261,-0.2521892
0.276934,1.139921,0.2966015,-0.05436741,-0.298218,-0.9184337,-0.2541454
0.278041,1.145563,0.2938808,-0.03181848,-0.3086573,-0.9152759,-0.2568818
0.2792376,1.15253,0.2911398,-0.01009778,-0.3256589,-0.9088244,-0.2605429
0.2803175,1.160317,0.2877221,0.009722239,-0.3485326,-0.89939,-0.2636822
0.2822108,1.167845,0.2830014,0.02440072,-0.3724321,-0.8889926,-0.2653131
0.2844204,1.173592,0.2778416,0.04002361,-0.3878458,-0.8830208,-0.2612432
0.2866332,1.178836,0.27291,0.05839792,-0.4023206,-0.8761971,-0.2588563
0.2879923,1.184019,0.267789,0.0849627,-0.4207819,-0.8653086,-0.2587758
0.2883609,1.190727,0.2622024,0.112923,-0.4449317,-0.8478362,-0.2654393
0.2885136,1.198353,0.255078,0.1426191,-0.4788361,-0.820549,-0.2776241
0.2894753,1.204774,0.2474485,0.1698044,-0.508311,-0.7954285,-0.282984
0.2914435,1.20897,0.2393888,0.1929097,-0.5339728,-0.7715839,-0.2869098
0.2938025,1.211186,0.2313209,0.2095918,-0.5543271,-0.7473395,-0.3004604
0.295935,1.211806,0.2235446,0.2246765,-0.56945,-0.7220905,-0.3222307
0.2980181,1.212417,0.2164479,0.2400715,-0.5856595,-0.6900567,-0.3509848
0.3004803,1.210765,0.2094145,0.2587562,-0.5955667,-0.6405312,-0.4099578
0.3028691,1.209866,0.2027155,0.2774248,-0.6028919,-0.5887467,-0.4614479
0.3055755,1.208472,0.1961367,0.2964247,-0.6052671,-0.5280566,-0.5166627
0.3085935,1.206441,0.1896463,0.3106689,-0.6054198,-0.4684381,-0.563487
0.312759,1.203395,0.1839692,0.3177674,-0.6051762,-0.4119315,-0.6025763
0.3181908,1.197955,0.1801412,0.3148404,-0.6086136,-0.3626899,-0.631602
0.3232168,1.191591,0.1787985,0.3032185,-0.6093113,-0.3284131,-0.6549374
0.3271524,1.184384,0.1787063,0.2972222,-0.5920088,-0.2879302,-0.6915785
0.3304473,1.176984,0.1797918,0.2880151,-0.5797955,-0.2463063,-0.7212611
0.3339712,1.169125,0.1813779,0.2770026,-0.5649545,-0.1966944,-0.7519358
0.3370857,1.160677,0.1840761,0.2624988,-0.5400882,-0.1472947,-0.7859411
0.3388887,1.152021,0.1881846,0.2480136,-0.5156601,-0.1099777,-0.8127046
0.3385696,1.143604,0.1933799,0.2392457,-0.4944674,-0.08756907,-0.8310205
0.338478,1.135885,0.1973592,0.2298589,-0.4748768,-0.05749841,-0.8475558
0.3360572,1.128459,0.2022851,0.2212705,-0.45525,-0.03577619,-0.8616884
0.334778,1.121539,0.2057631,0.2134664,-0.4317369,-0.0006140674,-0.876376
0.3317176,1.115914,0.2090195,0.2088845,-0.4142514,0.02909123,-0.8853908
0.3284169,1.110461,0.212288,0.2031981,-0.3989966,0.0480881,-0.8928605
0.3233333,1.105776,0.21573,0.2021815,-0.3749805,0.05593375,-0.9029859
0.3162191,1.102109,0.2194111,0.1993646,-0.3381611,0.06321386,-0.9175538
0.3098029,1.09876,0.2221767,0.1985028,-0.3161333,0.06908034,-0.9251402
0.3020096,1.096943,0.223829,0.2042745,-0.2973366,0.06745977,-0.9302215
0.2933679,1.09597,0.2249309,0.2128368,-0.2769352,0.05681156,-0.9352967
0.2842726,1.095824,0.2253457,0.2240331,-0.2529913,0.04420373,-0.9401333
0.2758259,1.096589,0.2249451,0.2349603,-0.2267619,0.04205464,-0.9442479
0.2678305,1.096979,0.2245675,0.2433983,-0.2034524,0.03908944,-0.9475423
0.2593825,1.097771,0.2238692,0.2503567,-0.1719863,0.03629541,-0.9520635
0.2509414,1.099092,0.2219502,0.2597791,-0.133199,0.03875807,-0.955652
0.2430147,1.09982,0.2199657,0.2619063,-0.09290261,0.03895294,-0.9598213
0.2350776,1.099742,0.2192721,0.2597223,-0.06794658,0.025774,-0.9629451
0.2267393,1.098826,0.2189334,0.2501638,-0.04823298,-0.004775194,-0.9669896
0.2188809,1.097855,0.2178322,0.2452409,-0.0240164,-0.02781438,-0.9687654
0.2121321,1.097051,0.215943,0.2422507,-0.001360735,-0.04750474,-0.969049
0.2067551,1.096502,0.214159,0.2396777,0.01833124,-0.0583122,-0.9689264
0.2032584,1.095384,0.2128853,0.2319069,0.03354865,-0.06645515,-0.9698853
0.1984486,1.09347,0.2120309,0.2203311,0.05327935,-0.08406952,-0.9703339
0.1938034,1.089807,0.2110533,0.2041721,0.0722998,-0.1146294,-0.9695085
0.1892181,1.08602,0.2097387,0.1930788,0.08782893,-0.1517852,-0.9653848
0.1865964,1.081864,0.2088079,0.1840032,0.09341889,-0.1898749,-0.9598767
0.1853535,1.077425,0.2091526,0.1665366,0.09629733,-0.2243561,-0.9553307
0.1866032,1.072606,0.2108257,0.148755,0.08391801,-0.2628253,-0.9496065
0.1877715,1.067997,0.2123414,0.1305013,0.07288323,-0.3012128,-0.9417687
0.1914403,1.062876,0.2148163,0.1058409,0.05300612,-0.3409972,-0.9325819
0.195227,1.058479,0.2167721,0.08936002,0.03047602,-0.3796211,-0.9203118
0.2013724,1.055638,0.2186477,0.08176295,0.0001567033,-0.4142217,-0.9064961
0.2075083,1.053915,0.2205738,0.07153692,-0.0268844,-0.4404735,-0.894507
0.2153307,1.052931,0.2227613,0.05441316,-0.05993212,-0.4623134,-0.883014
0.2236059,1.052176,0.2241975,0.04525917,-0.1010291,-0.4945139,-0.8620909
0.2308024,1.051827,0.2247767,0.0427095,-0.1377903,-0.5292485,-0.8361135
0.2384806,1.053169,0.2241254,0.03965385,-0.1732287,-0.5511406,-0.8152689
0.2452824,1.054969,0.2228915,0.03783412,-0.2039493,-0.5671681,-0.7970531
0.251738,1.056822,0.221685,0.03675833,-0.234145,-0.583085,-0.7770694
0.258121,1.05919,0.2203947,0.03989456,-0.269129,-0.6011196,-0.7514209
0.2646901,1.062229,0.2189413,0.04464243,-0.3070513,-0.6132987,-0.7263548
0.2706946,1.066541,0.2170276,0.05165384,-0.3458633,-0.6133932,-0.7081378
0.2752119,1.071581,0.2143323,0.06569134,-0.3808201,-0.6054937,-0.6957286
0.2770537,1.077725,0.2101944,0.08962315,-0.4089343,-0.5804235,-0.6984618
0.277779,1.082156,0.2054759,0.116949,-0.4282846,-0.5538753,-0.704356
0.2796409,1.085814,0.20127,0.1403356,-0.4506165,-0.5287759,-0.7054408
0.2824395,1.089954,0.1967721,0.1684015,-0.4846471,-0.4985666,-0.6987056
0.2860096,1.094221,0.1916136,0.1962692,-0.526461,-0.4686626,-0.681669
0.2886258,1.097523,0.1856567,0.2215001,-0.5618768,-0.4395717,-0.6648375
0.288626,1.097771,0.1794692,0.2495521,-0.5781171,-0.4145447,-0.6570061
0.2880802,1.096663,0.1747946,0.2738401,-0.5892094,-0.3940066,-0.650079
0.2878661,1.094905,0.1706102,0.2950787,-0.6018207,-0.3623562,-0.6476407
0.2883151,1.09457,0.1653812,0.3237272,-0.6186836,-0.3205663,-0.6400536
0.2883667,1.093323,0.1593701,0.3639196,-0.6166771,-0.2690453,-0.6441168
0.2900468,1.091797,0.1541997,0.3902084,-0.6220991,-0.2034041,-0.6475777
0.2935399,1.08815,0.1521447,0.4016648,-0.6054617,-0.140236,-0.6726183
0.2960999,1.084417,0.1519742,0.409042,-0.589486,-0.1021142,-0.6890309
0.299163,1.079933,0.1552917,0.4101317,-0.6221089,-0.1162975,-0.6566944
0.3023722,1.076734,0.1555889,0.3992822,-0.6508926,-0.09918563,-0.6380241
0.3060274,1.072384,0.1555225,0.3813941,-0.6747746,-0.07456386,-0.6274217
0.3106865,1.069007,0.1557805,0.3581725,-0.6871337,-0.0266167,-0.6315467
0.3149694,1.065758,0.1576841,0.3408898,-0.6816093,0.0167401,-0.6472424
0.3173389,1.061709,0.1595481,0.3409961,-0.6602229,0.0553738,-0.6669041
0.3187205,1.057249,0.1617631,0.342228,-0.6353249,0.0899682,-0.6864022
0.3213138,1.053586,0.1652694,0.324587,-0.627286,0.1086802,-0.6995314
0.3241895,1.050029,0.1689001,0.3053917,-0.6334153,0.1243962,-0.7000332
0.3275637,1.047186,0.1713772,0.2809337,-0.6417099,0.1549049,-0.696627
0.3275267,1.04382,0.1725862,0.3002424,-0.6228409,0.1875497,-0.6976739
0.3272779,1.04096,0.1748257,0.2987165,-0.6161262,0.2130012,-0.6969845
0.3254883,1.038591,0.1789461,0.2895561,-0.5967076,0.2331939,-0.7111385
0.3237893,1.036615,0.1836438,0.2702377,-0.556353,0.2614387,-0.7410079
0.3210306,1.035002,0.1879679,0.2489078,-0.5004545,0.2918492,-0.7761535
0.3174339,1.033692,0.1905932,0.2418914,-0.4537666,0.3164083,-0.797164
0.3138996,1.032529,0.1934579,0.2349176,-0.4080589,0.3330716,-0.8169242
0.3091218,1.031379,0.1964456,0.22224,-0.364356,0.3442091,-0.8362859
0.3023266,1.030995,0.1985887,0.2190611,-0.3373446,0.345753,-0.8477415
0.2943539,1.031108,0.1998854,0.2248685,-0.3191756,0.3410859,-0.8551149
0.2874914,1.031056,0.2015523,0.2302656,-0.2850352,0.3449677,-0.8641354
0.2807936,1.030512,0.2038255,0.2260472,-0.2441485,0.3512243,-0.8751775
0.2739339,1.02964,0.2057312,0.2196995,-0.1935273,0.3701954,-0.8816091
0.2677685,1.028622,0.2070848,0.2120014,-0.1594929,0.3880969,-0.8826088
0.2612869,1.027365,0.2083733,0.1885944,-0.1357992,0.4021817,-0.8855736
0.252452,1.026999,0.2096724,0.1687069,-0.09486342,0.3952493,-0.8979515
0.2417214,1.027099,0.2107745,0.1526019,-0.0539918,0.3595345,-0.9189845
0.2292482,1.026463,0.2117027,0.1392552,-0.01071507,0.307978,-0.9410859
0.2154837,1.024442,0.2114362,0.1231827,0.03525145,0.2410692,-0.962013
0.204094,1.021163,0.2096073,0.1117938,0.06018266,0.1877879,-0.9739692
0.1962717,1.01743,0.2075489,0.1025789,0.08244764,0.1584348,-0.9785593
0.1915378,1.013187,0.2065793,0.08899843,0.1050496,0.1457535,-0.9796937
0.1800821,1.006155,0.2048617,0.05454944,0.1563453,0.1035761,-0.9807408
0.1770658,1.00164,0.2028282,0.03584231,0.1774362,0.07822832,-0.9803632
0.1741606,0.9962478,0.1997682,0.01900401,0.1992262,0.0431853,-0.978817
0.1708957,0.9900605,0.1977179,0.001871062,0.2051612,-0.007782,-0.9786955
0.1690859,0.9828004,0.1973498,-0.00636774,0.1821145,-0.07735514,-0.9802092
0.1682224,0.9750299,0.198532,-0.01479499,0.1521851,-0.1547484,-0.9760501
0.1692911,0.9671602,0.2010442,-0.02285532,0.1160367,-0.2286969,-0.9662872
0.1725408,0.958729,0.2047726,-0.0398076,0.09194767,-0.2899432,-0.9517846
0.1774993,0.9506114,0.2091501,-0.06023109,0.06604502,-0.3377182,-0.9369934
0.1827949,0.9423577,0.2128389,-0.08334614,0.04634614,-0.3863713,-0.9174
0.1906166,0.9343347,0.2167754,-0.1111598,0.01964059,-0.4252664,-0.8980013
0.2000724,0.9275694,0.2205369,-0.1374334,-0.01701025,-0.4655672,-0.8741109
0.210477,0.9222226,0.2235436,-0.1576047,-0.05671976,-0.5075327,-0.8451948
0.2210135,0.9188614,0.2254076,-0.1707342,-0.09551291,-0.5510989,-0.8111825
0.2319699,0.917836,0.226038,-0.1825703,-0.1312479,-0.5884221,-0.7766605
0.2426228,0.9176178,0.2258184,-0.1953428,-0.1647966,-0.6186922,-0.7429019
0.25268,0.919027,0.224706,-0.2026829,-0.1970248,-0.6462062,-0.7088853
0.2617486,0.9210667,0.2234752,-0.2080879,-0.2247203,-0.6682069,-0.6780117
0.269604,0.924494,0.2221381,-0.2084058,-0.2532523,-0.6849611,-0.6505833
0.2751149,0.930563,0.2207757,-0.1980588,-0.2809808,-0.6930887,-0.6336013
0.2795579,0.9361134,0.2200317,-0.1827903,-0.302963,-0.7044595,-0.6152545
0.2831931,0.942615,0.2199439,-0.1630197,-0.3257455,-0.7133518,-0.5987017
0.2878677,0.9483905,0.2201737,-0.1446426,-0.3559877,-0.725684,-0.5707312
0.2916849,0.9552397,0.220489,-0.1220652,-0.3860689,-0.7334157,-0.5460334
0.2950631,0.9625868,0.220431,-0.10227,-0.4210799,-0.7320403,-0.5256895
0.2975267,0.9703771,0.2199114,-0.07979516,-0.4554831,-0.7246235,-0.5109684
0.2990374,0.979089,0.2192613,-0.04823928,-0.4903021,-0.7145432,-0.4966939
0.2998291,0.9892165,0.2178951,-0.00462196,-0.5301275,-0.697149,-0.4826249
0.3001815,0.9995908,0.2150522,0.0439956,-0.5718941,-0.6748105,-0.4643623
0.2996574,1.0084,0.2108934,0.0992185,-0.6034155,-0.6568048,-0.441195
0.2976839,1.014,0.2056874,0.1534915,-0.631651,-0.6530452,-0.3885734
0.2964688,1.017373,0.2012172,0.1834379,-0.6680124,-0.6419207,-0.3287061
0.2950343,1.021266,0.1973013,0.2081387,-0.699893,-0.6138448,-0.3000378
0.2924177,1.024397,0.1922525,0.2322764,-0.7258255,-0.5630777,-0.3196382
0.2900104,1.026304,0.187218,0.2594757,-0.7443507,-0.5259196,-0.3194105
0.2895018,1.028,0.182701,0.2662235,-0.7742651,-0.4692115,-0.3308763
0.2903477,1.02905,0.179599,0.2660585,-0.7965163,-0.4170728,-0.3475989
0.2916254,1.029435,0.1770242,0.2613057,-0.8071322,-0.3746485,-0.374026
0.2942767,1.02855,0.1750931,0.2504461,-0.8164385,-0.3399488,-0.3938779
0.2977796,1.025167,0.174179,0.2287949,-0.817891,-0.3031079,-0.4322416
0.2989912,1.021905,0.1739042,0.2256717,-0.8036445,-0.2700768,-0.4798816
0.2993754,1.018673,0.1725859,0.2542731,-0.7849185,-0.2174896,-0.5214847
0.29976,1.016788,0.172564,0.2950929,-0.776686,-0.1701716,-0.5298309
0.3005822,1.014915,0.17153,0.3405458,-0.7566184,-0.1107712,-0.5470712
0.3020543,1.012321,0.1699282,0.3752217,-0.739422,-0.04149151,-0.5574427
0.3034873,1.00891,0.1682801,0.3519696,-0.7479001,0.04395149,-0.5610982
0.3078428,1.006684,0.1679214,0.3178072,-0.7268611,0.1296278,-0.5948682
0.3136191,1.00589,0.1701602,0.2709816,-0.6949431,0.202944,-0.634379
0.3177069,1.002502,0.1743013,0.246127,-0.6358351,0.2709825,-0.6794879
0.3186641,0.9996259,0.1779044,0.2205827,-0.6083643,0.3144467,-0.694521
0.3175438,0.997631,0.1807097,0.201894,-0.5846363,0.3456235,-0.7056795
0.3165387,0.9967713,0.1829185,0.1927523,-0.5670597,0.3614793,-0.7145786
0.3151429,0.9962267,0.1848789,0.1843151,-0.5542546,0.3712391,-0.7218111
0.3134858,0.9957664,0.1869295,0.1689578,-0.5368279,0.3842798,-0.7318458
0.3107785,0.9959431,0.1892172,0.1492298,-0.5071887,0.3982767,-0.749577
0.3079303,0.9964058,0.19147,0.1264136,-0.4551599,0.4233536,-0.7730594
0.3056146,0.9969785,0.1930636,0.1107348,-0.3998325,0.4517615,-0.7897996
0.3026829,0.9980218,0.1934764,0.09566053,-0.3628838,0.467689,-0.8002696
0.29889,0.9994464,0.1938053,0.0871258,-0.3344227,0.4713826,-0.8113994
0.2949993,1.00147,0.1932699,0.08597005,-0.315556,0.4632406,-0.8236758
0.2915868,1.003975,0.1916336,0.09902534,-0.2992286,0.4545364,-0.8330984
0.2889716,1.005773,0.1906016,0.09443439,-0.2834244,0.45411,-0.8393669
0.2867459,1.006968,0.1896212,0.08385757,-0.2633033,0.4644851,-0.8413637
0.2845879,1.008548,0.1878661,0.08021897,-0.2237095,0.4881404,-0.8397844
0.2817616,1.010045,0.1866443,0.0667318,-0.1968468,0.4961361,-0.842999
0.2782186,1.012109,0.1867204,0.06278431,-0.1440451,0.5033667,-0.8496653
0.2738799,1.013984,0.1859545,0.05931536,-0.1126301,0.4925987,-0.8608965
0.2679945,1.016993,0.1842176,0.07287626,-0.08630472,0.4705356,-0.875121
0.2631336,1.019494,0.1821477,0.07760106,-0.08300049,0.4530149,-0.8842322
0.2580381,1.020787,0.1822945,0.06658227,-0.06638896,0.4523166,-0.8868873
0.2502375,1.020873,0.1844833,0.02568244,-0.04345806,0.4286774,-0.9020463
0.2407895,1.021218,0.1852595,0.008381788,-0.02875412,0.3742482,-0.9268448
0.2318911,1.021256,0.1851585,-0.000373191,-0.01745119,0.3256173,-0.9453405
0.2229853,1.019773,0.1853545,-0.0156066,0.01010971,0.2856415,-0.9581562
0.2153901,1.016641,0.1855697,-0.03869005,0.03186474,0.2596623,-0.9643978
0.2101391,1.013882,0.1855497,-0.04071707,0.04746962,0.2428322,-0.9680502
0.204106,1.010377,0.1860969,-0.05523525,0.06133379,0.2106413,-0.9740726
0.1994992,1.005665,0.1869063,-0.07297978,0.06436761,0.1780689,-0.9791947
0.1958539,1.002048,0.1873219,-0.08134449,0.06782622,0.1508958,-0.9828597
0.194109,0.9981522,0.1884542,-0.09102606,0.06872624,0.1289436,-0.9850708
0.192966,0.9940496,0.1901487,-0.1014002,0.0623073,0.1015507,-0.9876858
0.1926098,0.9888704,0.1924694,-0.1153648,0.03527799,0.05963348,-0.9909038
0.1922057,0.9837425,0.1952062,-0.131097,0.01819715,0.03182569,-0.9906915
0.1930136,0.978462,0.1984398,-0.1475077,-0.003191552,0.01065806,-0.9889984
0.1954304,0.9726105,0.2023453,-0.164525,-0.033961,-0.02182825,-0.9855464
0.1986207,0.9667259,0.2065581,-0.1855248,-0.06431958,-0.04934863,-0.9792897
0.2040822,0.9610085,0.211544,-0.2061349,-0.1012502,-0.07050097,-0.9707144
0.2096671,0.9551548,0.2165926,-0.2245075,-0.1503404,-0.1048866,-0.9570752
0.2164311,0.9491675,0.2217425,-0.2413375,-0.2062714,-0.1404584,-0.9378059
0.2260564,0.9438571,0.2263332,-0.2517768,-0.2729623,-0.1802287,-0.9108335
0.2352233,0.9401255,0.2292935,-0.2575438,-0.3246455,-0.2065862,-0.88634
0.2440228,0.9382045,0.2295287,-0.2558563,-0.3664616,-0.2327954,-0.8637418
0.2508993,0.936643,0.2296621,-0.252681,-0.4044112,-0.2675406,-0.8372729
0.2573242,0.9366974,0.2289204,-0.2468221,-0.4386729,-0.3017546,-0.8096846
0.263859,0.9368466,0.2289401,-0.2460986,-0.4692515,-0.3278305,-0.7821545
0.2702885,0.9385495,0.2286183,-0.2436267,-0.4961277,-0.3439147,-0.7590955
0.2765134,0.9412142,0.2278817,-0.2369932,-0.517589,-0.3454722,-0.7460462
0.2808996,0.9444703,0.2260154,-0.2161881,-0.5462071,-0.3592511,-0.7251615
0.2837057,0.9465265,0.22511,-0.2029416,-0.5640841,-0.3704533,-0.7094985
0.2857,0.9492816,0.2243818,-0.1857069,-0.5798806,-0.3810365,-0.6957461
0.2879426,0.9534198,0.2240468,-0.161882,-0.6000334,-0.3918935,-0.678361
0.2911666,0.9589726,0.2238248,-0.134726,-0.6248512,-0.4001216,-0.6567439
0.2946831,0.9649516,0.2227763,-0.1074705,-0.6483276,-0.401109,-0.6381481
0.2975885,0.9710407,0.2206651,-0.07583286,-0.6733194,-0.3981542,-0.6183556
0.3001449,0.9759281,0.2188039,-0.04595473,-0.6962535,-0.4064308,-0.5898588
0.3007824,0.9800053,0.2164928,-0.01776191,-0.7102488,-0.4207694,-0.5640782
0.300406,0.9847844,0.214196,0.0145005,-0.7183919,-0.4189935,-0.5551102
0.300301,0.9909645,0.21026,0.05388242,-0.7353124,-0.4048986,-0.5408045
0.3004283,0.9963599,0.2059033,0.08543679,-0.7548155,-0.4026585,-0.5107056
0.2994707,1.001173,0.2008194,0.1191072,-0.7683383,-0.3983783,-0.4865845
0.2975937,1.005901,0.1961301,0.159997,-0.7745288,-0.3892888,-0.4721867
0.294541,1.01148,0.1899828,0.2093946,-0.776095,-0.3632324,-0.4710549
0.2911153,1.015613,0.1821142,0.2552161,-0.7853709,-0.3266082,-0.4597656
0.2891492,1.01798,0.1754782,0.2880742,-0.7868425,-0.2914331,-0.4614748
0.2877316,1.019157,0.1699576,0.3171712,-0.781196,-0.2597241,-0.4708276
0.287236,1.020004,0.1638472,0.3426215,-0.7767047,-0.2129215,-0.4837404
0.287824,1.021409,0.1576034,0.3616767,-0.7746677,-0.1630586,-0.4924346
0.2901659,1.021715,0.1517068,0.3703288,-0.7675324,-0.1106881,-0.5113695
0.293595,1.021649,0.14647,0.3715036,-0.7669038,-0.06187198,-0.5196302
0.2985952,1.020861,0.142709,0.3634586,-0.7683631,-0.01849,-0.5264734
0.3039398,1.019634,0.1399472,0.3545788,-0.7622364,0.03625432,-0.5403289
0.3105665,1.017934,0.13901,0.3373155,-0.7497181,0.1070245,-0.5591841
0.3173113,1.016049,0.1393674,0.3116644,-0.7364968,0.1719837,-0.5752038
0.3239758,1.013564,0.1413629,0.2775088,-0.7065263,0.2398429,-0.6052147
0.3287773,1.011153,0.1450865,0.2484219,-0.6642123,0.2949154,-0.6404167
0.3318104,1.008647,0.1493801,0.22371,-0.6190545,0.3513958,-0.6657675
0.3331005,1.006386,0.1535856,0.2026675,-0.568463,0.4104248,-0.6836134
0.333701,1.004856,0.1584875,0.179784,-0.501521,0.4668984,-0.7058048
0.3327939,1.004389,0.1663289,0.1416608,-0.4327614,0.4937336,-0.7408623
0.3291779,1.004301,0.1739466,0.1036374,-0.3708303,0.4999003,-0.775786
0.3250873,1.005329,0.1784467,0.08323618,-0.3159177,0.5023592,-0.8005642
0.3183511,1.008837,0.1818227,0.08172576,-0.2491287,0.4801053,-0.8371109
